[[0, 0],
[1, -1],
[2, -2],
[3, -3],
[4, -2],
[3, -1],
[3, 0],
[2, 1],
[1, 2],
[0, 3],
[-1, 4],
[-2, 3],
[-3, 2],
[-3, 1],
[-2, 0],
[-1, -1],
[0, -2],
[1, -3],
[2, -4],
[3, -5],
[4, -6],
[5, -7],
[6, -8],
[7, -9],
[8, -10],
[9, -11],
[10, -12],
[11, -13],
[12, -13],
[13, -12],
[14, -11],
[15, -10],
[16, -9],
[17, -8],
[18, -7],
[17, -6],
[17, -5],
[17, -4],
[17, -3],
[18, -2],
[19, -1],
[20, 0],
[21, 1],
[21, 2],
[22, 1],
[23, 0],
[24, -1],
[25, -2],
[26, -3],
[27, -4],
[28, -4],
[29, -3],
[30, -2],
[31, -3],
[32, -4],
[33, -4],
[33, -3],
[32, -2],
[31, -1],
[32, 0],
[33, 1],
[34, 2],
[35, 1],
[36, 0],
[37, -1],
[38, -1],
[39, -2],
[40, -3],
[41, -2],
[42, -1],
[43, 0],
[44, 1],
[43, -2],
[42, -3],
[41, -4],
[40, -5],
[39, -6],
[38, -7],
[38, -8],
[39, -9],
[40, -10],
[41, -11],
[42, -12],
[43, -13],
[44, -14],
[45, -15],
[46, -16],
[47, -17],
[48, -18],
[49, -19],
[43, -14],
[42, -13],
[44, -15],
[45, -16],
[46, -17],
[48, -16],
[49, -15],
[50, -14],
[51, -15],
[52, -16],
[53, -17],
[54, -18],
[54, -19],
[53, -20],
[53, -21],
[53, -22],
[52, -23],
[51, -24],
[50, -25],
[49, -26],
[48, -27],
[47, -28],
[48, -29],
[46, -27],
[45, -26],
[44, -25],
[43, -24],
[42, -23],
[41, -22],
[40, -21],
[39, -20],
[38, -20],
[37, -20],
[36, -20],
[35, -20],
[34, -19],
[33, -18],
[32, -19],
[32, -20],
[33, -21],
[34, -22],
[35, -23],
[36, -24],
[37, -25],
[38, -26],
[39, -27],
[40, -28],
[41, -29],
[42, -30],
[43, -31],
[41, -30],
[40, -30],
[39, -31],
[38, -32],
[38, -33],
[39, -32],
[40, -32],
[39, -33],
[38, -34],
[37, -35],
[36, -36],
[35, -35],
[34, -35],
[33, -35],
[32, -35],
[31, -36],
[30, -37],
[29, -37],
[28, -37],
[27, -37],
[26, -37],
[25, -36],
[24, -35],
[23, -34],
[22, -33],
[21, -32],
[20, -32],
[19, -31],
[18, -30],
[17, -29],
[16, -28],
[16, -27],
[16, -26],
[15, -25],
[14, -25],
[13, -26],
[12, -27],
[11, -28],
[10, -29],
[9, -30],
[8, -31],
[7, -32],
[6, -33],
[5, -34],
[4, -35],
[3, -36],
[3, -37],
[2, -38],
[1, -39],
[0, -40],
[-1, -41],
[-2, -42],
[-3, -43],
[-4, -42],
[-5, -41],
[-6, -40],
[-7, -39],
[-8, -38],
[-9, -37],
[-10, -37],
[-11, -38],
[-12, -39],
[-11, -40],
[-10, -41],
[-11, -42],
[-12, -43],
[-11, -44],
[-10, -45],
[-11, -46],
[-11, -47],
[-11, -48],
[-10, -47],
[-9, -48],
[-8, -49],
[-7, -50],
[-6, -50],
[-5, -51],
[-4, -52],
[-3, -53],
[-2, -54],
[-1, -55],
[0, -56],
[1, -57],
[2, -58],
[-7, -49],
[-8, -48],
[-8, -47],
[-7, -46],
[-6, -45],
[-5, -44],
[-4, -43],
[-4, -41],
[-4, -40],
[-6, -42],
[-7, -43],
[-8, -44],
[-9, -45],
[-10, -46],
[-12, -48],
[-13, -49],
[-14, -50],
[-15, -51],
[-16, -52],
[-17, -52],
[-18, -51],
[-19, -50],
[-20, -49],
[-21, -48],
[-22, -48],
[-23, -48],
[-24, -48],
[-25, -48],
[-26, -48],
[-27, -49],
[-28, -50],
[-29, -51],
[-30, -51],
[-31, -50],
[-32, -49],
[-33, -48],
[-34, -47],
[-33, -46],
[-32, -45],
[-31, -44],
[-30, -43],
[-29, -42],
[-28, -41],
[-27, -40],
[-26, -39],
[-25, -38],
[-24, -37],
[-23, -36],
[-23, -35],
[-24, -34],
[-25, -33],
[-24, -32],
[-24, -31],
[-25, -30],
[-24, -30],
[-23, -31],
[-22, -32],
[-21, -33],
[-20, -33],
[-19, -33],
[-18, -33],
[-17, -33],
[-16, -33],
[-15, -32],
[-14, -33],
[-13, -34],
[-12, -35],
[-13, -36],
[-14, -37],
[-14, -38],
[-14, -39],
[-14, -40],
[-14, -41],
[-14, -42],
[-15, -43],
[-16, -44],
[-17, -45],
[-18, -46],
[-19, -47],
[-19, -46],
[-18, -45],
[-17, -44],
[-16, -43],
[-15, -42],
[-13, -43],
[-12, -42],
[-13, -41],
[-15, -40],
[-16, -39],
[-17, -38],
[-18, -39],
[-19, -40],
[-20, -41],
[-20, -42],
[-19, -43],
[-18, -44],
[-16, -46],
[-19, -39],
[-19, -38],
[-19, -37],
[-20, -36],
[-21, -35],
[-22, -34],
[-23, -34],
[-24, -35],
[-25, -35],
[-26, -34],
[-27, -33],
[-24, -36],
[-25, -36],
[-26, -35],
[-27, -34],
[-28, -34],
[-29, -34],
[-30, -33],
[-31, -32],
[-32, -31],
[-33, -30],
[-34, -29],
[-35, -28],
[-36, -27],
[-37, -26],
[-38, -27],
[-39, -28],
[-40, -29],
[-41, -30],
[-42, -31],
[-43, -32],
[-44, -33],
[-45, -34],
[-46, -35],
[-47, -36],
[-48, -37],
[-49, -38],
[-50, -39],
[-51, -40],
[-51, -41],
[-50, -42],
[-49, -43],
[-48, -44],
[-47, -45],
[-46, -46],
[-45, -47],
[-44, -48],
[-43, -49],
[-42, -49],
[-41, -48],
[-40, -47],
[-39, -47],
[-38, -48],
[-37, -49],
[-36, -50],
[-35, -51],
[-36, -52],
[-37, -53],
[-38, -54],
[-38, -55],
[-38, -56],
[-39, -57],
[-38, -57],
[-37, -56],
[-36, -55],
[-35, -54],
[-34, -53],
[-33, -52],
[-32, -51],
[-30, -50],
[-29, -49],
[-28, -48],
[-27, -47],
[-26, -46],
[-25, -45],
[-24, -44],
[-23, -45],
[-22, -46],
[-21, -47],
[-20, -48],
[-19, -49],
[-18, -50],
[-17, -51],
[-15, -53],
[-14, -54],
[-13, -55],
[-12, -56],
[-11, -57],
[-10, -58],
[-9, -59],
[-8, -60],
[-7, -61],
[-6, -62],
[-5, -63],
[-5, -64],
[-5, -65],
[-5, -66],
[-6, -67],
[-7, -68],
[-6, -68],
[-5, -69],
[-4, -70],
[-5, -70],
[-6, -70],
[-7, -70],
[-8, -70],
[-9, -70],
[-10, -70],
[-11, -71],
[-12, -72],
[-13, -73],
[-14, -74],
[-15, -75],
[-16, -76],
[-17, -77],
[-18, -78],
[-18, -79],
[-19, -80],
[-20, -81],
[-21, -82],
[-22, -83],
[-23, -84],
[-23, -85],
[-23, -86],
[-23, -87],
[-23, -88],
[-24, -89],
[-25, -90],
[-26, -91],
[-27, -92],
[-26, -93],
[-25, -94],
[-24, -95],
[-23, -96],
[-22, -97],
[-21, -98],
[-20, -99],
[-19, -100],
[-18, -101],
[-17, -102],
[-16, -103],
[-16, -104],
[-16, -105],
[-16, -106],
[-15, -107],
[-14, -107],
[-13, -107],
[-12, -107],
[-11, -107],
[-10, -107],
[-9, -108],
[-8, -108],
[-7, -109],
[-6, -110],
[-6, -111],
[-5, -112],
[-4, -113],
[-3, -112],
[-2, -111],
[-1, -110],
[0, -109],
[-1, -109],
[-2, -110],
[-3, -111],
[-4, -111],
[-5, -110],
[-6, -109],
[-7, -108],
[-8, -107],
[-9, -106],
[-11, -108],
[-12, -109],
[-13, -110],
[-14, -111],
[-15, -111],
[-16, -110],
[-17, -109],
[-18, -108],
[-19, -107],
[-20, -106],
[-21, -105],
[-22, -104],
[-23, -103],
[-24, -103],
[-25, -104],
[-26, -105],
[-27, -106],
[-27, -107],
[-26, -108],
[-25, -109],
[-24, -108],
[-23, -107],
[-22, -106],
[-20, -104],
[-19, -103],
[-18, -102],
[-21, -96],
[-21, -95],
[-20, -94],
[-21, -93],
[-22, -93],
[-23, -93],
[-24, -93],
[-25, -93],
[-27, -93],
[-28, -93],
[-29, -94],
[-30, -95],
[-31, -95],
[-32, -96],
[-33, -97],
[-34, -98],
[-35, -99],
[-36, -100],
[-36, -101],
[-35, -101],
[-34, -100],
[-33, -99],
[-32, -98],
[-31, -97],
[-30, -97],
[-29, -98],
[-28, -99],
[-28, -100],
[-29, -101],
[-30, -101],
[-31, -100],
[-30, -99],
[-28, -97],
[-27, -96],
[-26, -95],
[-22, -92],
[-21, -91],
[-20, -90],
[-19, -89],
[-18, -88],
[-17, -87],
[-16, -86],
[-15, -85],
[-14, -84],
[-13, -85],
[-12, -86],
[-12, -87],
[-11, -88],
[-10, -89],
[-9, -90],
[-8, -91],
[-7, -92],
[-6, -93],
[-5, -94],
[-4, -95],
[-3, -96],
[-4, -96],
[-5, -97],
[-6, -98],
[-7, -99],
[-8, -100],
[-9, -101],
[-10, -102],
[-11, -103],
[-10, -104],
[-9, -105],
[-8, -105],
[-7, -104],
[-6, -103],
[-5, -102],
[-4, -101],
[-3, -100],
[-2, -99],
[-1, -98],
[0, -97],
[1, -96],
[2, -95],
[3, -94],
[4, -93],
[5, -92],
[6, -91],
[7, -90],
[8, -89],
[9, -88],
[10, -87],
[11, -86],
[12, -85],
[13, -86],
[14, -87],
[15, -88],
[16, -89],
[17, -90],
[18, -91],
[19, -92],
[20, -93],
[21, -94],
[22, -95],
[23, -96],
[23, -97],
[23, -98],
[23, -99],
[23, -100],
[23, -101],
[22, -102],
[23, -103],
[24, -102],
[25, -101],
[26, -101],
[27, -101],
[28, -101],
[29, -102],
[30, -103],
[31, -104],
[32, -105],
[33, -106],
[34, -107],
[35, -108],
[36, -107],
[37, -106],
[38, -105],
[39, -104],
[40, -103],
[41, -102],
[42, -101],
[43, -100],
[44, -99],
[45, -98],
[46, -97],
[47, -96],
[48, -95],
[48, -94],
[47, -93],
[46, -92],
[45, -91],
[44, -90],
[46, -91],
[47, -91],
[48, -91],
[49, -90],
[50, -89],
[51, -90],
[52, -91],
[53, -92],
[54, -93],
[55, -94],
[56, -95],
[57, -96],
[58, -97],
[59, -97],
[60, -96],
[61, -95],
[62, -94],
[63, -93],
[64, -92],
[65, -91],
[66, -90],
[67, -89],
[68, -89],
[69, -89],
[70, -88],
[71, -87],
[72, -86],
[73, -85],
[74, -84],
[75, -83],
[76, -84],
[77, -85],
[78, -86],
[79, -86],
[80, -86],
[81, -86],
[82, -85],
[83, -86],
[84, -87],
[85, -88],
[86, -89],
[87, -89],
[88, -89],
[89, -89],
[90, -89],
[91, -89],
[92, -88],
[93, -89],
[94, -90],
[95, -89],
[96, -88],
[97, -87],
[98, -86],
[99, -86],
[100, -87],
[100, -88],
[100, -89],
[100, -90],
[101, -91],
[102, -92],
[103, -93],
[104, -94],
[105, -95],
[106, -96],
[107, -97],
[108, -98],
[109, -99],
[110, -100],
[109, -101],
[111, -99],
[112, -98],
[113, -98],
[114, -99],
[115, -100],
[116, -101],
[117, -102],
[116, -103],
[115, -104],
[114, -105],
[113, -106],
[113, -107],
[114, -107],
[115, -106],
[116, -107],
[117, -108],
[118, -109],
[119, -109],
[120, -109],
[121, -109],
[122, -109],
[123, -109],
[124, -109],
[125, -109],
[126, -109],
[127, -110],
[128, -109],
[129, -108],
[130, -107],
[131, -106],
[132, -105],
[132, -104],
[131, -103],
[130, -102],
[129, -101],
[128, -100],
[127, -99],
[126, -98],
[126, -97],
[126, -96],
[126, -95],
[126, -94],
[125, -93],
[124, -92],
[123, -91],
[122, -90],
[121, -89],
[120, -88],
[119, -87],
[118, -86],
[117, -85],
[116, -84],
[115, -83],
[114, -82],
[113, -81],
[112, -80],
[113, -79],
[114, -78],
[115, -77],
[115, -79],
[116, -80],
[117, -81],
[118, -82],
[119, -83],
[120, -84],
[121, -85],
[120, -86],
[119, -88],
[119, -89],
[119, -90],
[119, -91],
[119, -92],
[119, -93],
[119, -94],
[119, -95],
[119, -96],
[119, -97],
[119, -98],
[119, -99],
[119, -100],
[120, -101],
[121, -102],
[122, -103],
[123, -104],
[123, -105],
[122, -106],
[122, -107],
[123, -107],
[124, -106],
[125, -105],
[126, -104],
[127, -103],
[128, -102],
[129, -102],
[131, -102],
[132, -103],
[133, -104],
[134, -105],
[135, -105],
[136, -105],
[137, -105],
[138, -105],
[139, -105],
[140, -105],
[141, -105],
[142, -105],
[143, -105],
[144, -104],
[145, -104],
[146, -104],
[147, -103],
[148, -102],
[149, -101],
[150, -100],
[151, -99],
[152, -98],
[153, -97],
[154, -96],
[154, -95],
[154, -94],
[154, -93],
[154, -92],
[154, -91],
[154, -90],
[155, -89],
[156, -88],
[156, -87],
[156, -86],
[155, -85],
[154, -85],
[153, -86],
[152, -87],
[151, -88],
[150, -89],
[149, -90],
[148, -90],
[147, -90],
[146, -91],
[145, -92],
[144, -93],
[143, -94],
[142, -95],
[141, -96],
[140, -97],
[139, -98],
[138, -99],
[137, -100],
[136, -101],
[135, -102],
[137, -101],
[138, -101],
[139, -101],
[140, -101],
[141, -101],
[142, -101],
[143, -101],
[144, -101],
[145, -101],
[146, -101],
[147, -101],
[149, -103],
[150, -104],
[151, -105],
[152, -106],
[153, -107],
[154, -108],
[155, -108],
[156, -107],
[157, -106],
[158, -105],
[159, -104],
[160, -103],
[161, -102],
[162, -101],
[162, -100],
[163, -101],
[162, -102],
[161, -103],
[160, -104],
[159, -105],
[159, -106],
[159, -107],
[158, -108],
[159, -109],
[160, -110],
[161, -111],
[162, -112],
[163, -113],
[164, -114],
[165, -115],
[166, -116],
[167, -117],
[168, -118],
[167, -119],
[166, -120],
[167, -121],
[168, -122],
[169, -123],
[170, -124],
[171, -124],
[171, -123],
[170, -122],
[169, -121],
[170, -121],
[171, -122],
[172, -123],
[173, -124],
[174, -125],
[175, -126],
[176, -127],
[177, -128],
[178, -129],
[179, -128],
[180, -127],
[181, -126],
[182, -125],
[183, -124],
[184, -123],
[185, -122],
[186, -121],
[186, -120],
[185, -119],
[184, -118],
[183, -117],
[182, -116],
[181, -115],
[180, -114],
[179, -113],
[178, -112],
[177, -111],
[176, -110],
[175, -109],
[174, -108],
[173, -107],
[172, -106],
[171, -105],
[170, -104],
[170, -103],
[170, -102],
[170, -101],
[170, -100],
[170, -99],
[170, -98],
[170, -97],
[171, -96],
[172, -95],
[173, -94],
[174, -93],
[175, -92],
[176, -91],
[177, -90],
[176, -89],
[175, -88],
[174, -89],
[173, -90],
[172, -91],
[171, -92],
[170, -93],
[169, -92],
[168, -91],
[168, -90],
[169, -89],
[170, -88],
[171, -87],
[172, -86],
[173, -85],
[173, -84],
[172, -83],
[171, -82],
[170, -81],
[169, -80],
[169, -79],
[169, -78],
[169, -77],
[170, -76],
[171, -75],
[172, -74],
[173, -73],
[174, -72],
[175, -71],
[176, -70],
[177, -71],
[178, -72],
[179, -73],
[180, -74],
[181, -75],
[182, -76],
[183, -77],
[184, -78],
[185, -79],
[186, -80],
[187, -81],
[187, -82],
[186, -82],
[185, -83],
[184, -84],
[183, -85],
[182, -86],
[182, -87],
[182, -88],
[182, -89],
[182, -90],
[182, -91],
[182, -92],
[182, -93],
[181, -94],
[180, -95],
[179, -96],
[178, -97],
[177, -97],
[176, -96],
[175, -95],
[174, -94],
[173, -93],
[172, -92],
[171, -91],
[178, -89],
[178, -88],
[178, -87],
[178, -86],
[178, -85],
[178, -84],
[178, -83],
[178, -82],
[178, -81],
[178, -80],
[178, -79],
[177, -78],
[176, -77],
[175, -76],
[174, -75],
[173, -74],
[172, -73],
[171, -72],
[170, -72],
[169, -73],
[168, -72],
[167, -71],
[166, -70],
[165, -69],
[166, -68],
[167, -67],
[168, -66],
[169, -65],
[170, -64],
[171, -63],
[172, -62],
[170, -63],
[169, -63],
[168, -62],
[167, -61],
[166, -60],
[165, -60],
[164, -60],
[163, -60],
[162, -60],
[161, -60],
[160, -60],
[159, -60],
[158, -60],
[157, -60],
[156, -60],
[155, -61],
[154, -62],
[153, -63],
[152, -64],
[151, -65],
[150, -66],
[149, -67],
[148, -68],
[147, -68],
[146, -69],
[146, -70],
[147, -71],
[148, -72],
[149, -73],
[150, -74],
[151, -75],
[152, -76],
[153, -77],
[154, -78],
[155, -79],
[148, -71],
[148, -70],
[148, -69],
[149, -69],
[150, -70],
[151, -71],
[152, -72],
[153, -71],
[154, -70],
[155, -69],
[156, -68],
[157, -67],
[158, -66],
[159, -65],
[160, -64],
[161, -63],
[162, -62],
[163, -61],
[165, -59],
[166, -58],
[167, -59],
[168, -60],
[169, -61],
[170, -60],
[171, -59],
[172, -58],
[173, -57],
[172, -56],
[171, -55],
[170, -54],
[169, -53],
[168, -52],
[167, -51],
[166, -50],
[165, -49],
[164, -48],
[163, -47],
[162, -46],
[161, -45],
[161, -44],
[162, -43],
[163, -42],
[164, -41],
[165, -40],
[166, -39],
[162, -42],
[161, -43],
[160, -44],
[159, -45],
[158, -44],
[160, -46],
[160, -47],
[159, -48],
[158, -49],
[158, -50],
[158, -51],
[158, -52],
[158, -53],
[158, -54],
[158, -55],
[158, -56],
[158, -57],
[158, -58],
[158, -59],
[160, -61],
[161, -59],
[161, -58],
[161, -57],
[160, -56],
[159, -55],
[157, -53],
[156, -52],
[155, -51],
[154, -50],
[153, -50],
[152, -51],
[151, -52],
[150, -53],
[149, -54],
[148, -55],
[147, -56],
[147, -57],
[148, -58],
[149, -59],
[150, -60],
[149, -61],
[148, -62],
[147, -61],
[146, -60],
[145, -59],
[144, -58],
[144, -57],
[145, -56],
[146, -55],
[145, -54],
[144, -53],
[143, -54],
[142, -55],
[141, -55],
[140, -55],
[139, -55],
[138, -55],
[137, -54],
[136, -53],
[135, -52],
[134, -51],
[133, -50],
[132, -49],
[131, -49],
[130, -48],
[129, -47],
[128, -46],
[127, -45],
[126, -44],
[125, -43],
[124, -42],
[124, -41],
[124, -40],
[123, -41],
[122, -41],
[121, -41],
[120, -41],
[119, -42],
[118, -43],
[117, -44],
[116, -45],
[115, -46],
[114, -46],
[113, -46],
[112, -46],
[111, -46],
[110, -46],
[109, -46],
[110, -45],
[111, -44],
[112, -45],
[114, -47],
[115, -48],
[116, -49],
[117, -50],
[118, -51],
[119, -52],
[120, -53],
[121, -54],
[122, -53],
[123, -52],
[124, -51],
[125, -50],
[126, -49],
[127, -48],
[128, -48],
[129, -49],
[130, -50],
[131, -51],
[132, -52],
[133, -52],
[134, -52],
[136, -51],
[136, -52],
[135, -53],
[133, -51],
[132, -50],
[122, -40],
[121, -39],
[120, -38],
[119, -37],
[119, -36],
[118, -35],
[117, -34],
[116, -33],
[115, -32],
[114, -31],
[113, -30],
[112, -29],
[111, -28],
[110, -27],
[109, -26],
[109, -25],
[109, -24],
[109, -23],
[109, -22],
[109, -21],
[109, -20],
[109, -19],
[110, -18],
[111, -17],
[112, -17],
[113, -17],
[114, -16],
[115, -15],
[116, -14],
[117, -13],
[118, -12],
[119, -12],
[120, -12],
[121, -12],
[122, -12],
[123, -11],
[124, -10],
[125, -9],
[126, -8],
[127, -7],
[128, -6],
[129, -5],
[130, -4],
[131, -3],
[132, -2],
[132, -1],
[132, 0],
[133, 1],
[134, 2],
[135, 3],
[136, 4],
[137, 5],
[138, 6],
[139, 7],
[140, 7],
[141, 6],
[142, 5],
[143, 4],
[144, 3],
[145, 2],
[146, 1],
[147, 0],
[148, -1],
[149, -2],
[150, -3],
[150, -4],
[149, -5],
[150, -6],
[151, -6],
[152, -6],
[153, -6],
[154, -6],
[155, -6],
[156, -6],
[157, -6],
[158, -7],
[158, -8],
[157, -7],
[155, -5],
[154, -4],
[153, -3],
[152, -2],
[151, -1],
[150, 0],
[150, 1],
[151, 2],
[152, 3],
[152, 4],
[152, 5],
[152, 6],
[153, 7],
[154, 8],
[155, 9],
[156, 10],
[157, 10],
[158, 11],
[159, 12],
[160, 13],
[161, 12],
[162, 11],
[163, 11],
[164, 11],
[165, 11],
[166, 11],
[167, 12],
[168, 13],
[169, 14],
[170, 15],
[171, 16],
[171, 17],
[170, 18],
[169, 19],
[168, 20],
[167, 21],
[166, 22],
[165, 23],
[164, 24],
[163, 23],
[162, 22],
[161, 21],
[160, 20],
[159, 19],
[158, 18],
[157, 17],
[156, 16],
[155, 15],
[154, 14],
[154, 13],
[154, 12],
[154, 11],
[154, 10],
[154, 9],
[155, 7],
[156, 6],
[157, 5],
[158, 4],
[159, 3],
[160, 2],
[161, 1],
[161, 0],
[161, -1],
[161, -2],
[161, -3],
[161, -4],
[161, -5],
[161, -6],
[161, -7],
[161, -8],
[161, -9],
[161, -10],
[160, -11],
[159, -12],
[158, -12],
[157, -12],
[156, -12],
[155, -13],
[154, -14],
[157, -11],
[158, -10],
[159, -9],
[160, -8],
[162, -6],
[163, -5],
[164, -4],
[164, -5],
[165, -4],
[166, -4],
[167, -4],
[168, -3],
[169, -2],
[170, -1],
[171, 0],
[171, 1],
[170, 1],
[169, 0],
[168, -1],
[167, -2],
[166, -3],
[164, -6],
[164, -7],
[165, -8],
[166, -9],
[165, -10],
[166, -11],
[167, -12],
[168, -13],
[169, -14],
[170, -15],
[171, -16],
[172, -17],
[173, -18],
[174, -18],
[175, -17],
[176, -16],
[177, -15],
[178, -14],
[179, -15],
[179, -16],
[178, -17],
[177, -18],
[176, -19],
[175, -19],
[173, -17],
[172, -16],
[171, -15],
[170, -14],
[169, -13],
[169, -12],
[169, -11],
[170, -10],
[171, -9],
[172, -8],
[173, -7],
[174, -6],
[175, -5],
[176, -4],
[177, -3],
[178, -2],
[179, -1],
[178, -1],
[177, -2],
[176, -2],
[175, -2],
[174, -2],
[173, -2],
[172, -2],
[171, -1],
[170, 0],
[169, 1],
[168, 2],
[167, 3],
[166, 4],
[165, 5],
[164, 6],
[163, 7],
[162, 8],
[161, 8],
[160, 8],
[159, 9],
[158, 10],
[157, 9],
[156, 8],
[154, 6],
[153, 5],
[154, 4],
[155, 3],
[156, 2],
[157, 1],
[158, 1],
[159, 2],
[160, 3],
[161, 4],
[161, 5],
[161, 6],
[161, 7],
[161, 9],
[161, 10],
[161, 11],
[161, 13],
[162, 12],
[164, 10],
[165, 9],
[166, 8],
[167, 7],
[168, 6],
[169, 5],
[160, 12],
[159, 11],
[159, 10],
[160, 9],
[162, 7],
[163, 6],
[164, 5],
[165, 4],
[166, 3],
[167, 2],
[168, 1],
[172, 1],
[173, 1],
[174, 1],
[175, 1],
[176, 1],
[177, 1],
[178, 1],
[179, 2],
[180, 3],
[181, 4],
[182, 5],
[183, 6],
[184, 7],
[185, 8],
[186, 9],
[186, 10],
[185, 11],
[184, 10],
[185, 9],
[186, 8],
[187, 7],
[188, 7],
[189, 8],
[190, 9],
[191, 10],
[192, 10],
[193, 10],
[194, 10],
[195, 10],
[194, 9],
[193, 8],
[193, 7],
[193, 6],
[193, 5],
[193, 4],
[192, 3],
[191, 2],
[190, 1],
[189, 0],
[188, -1],
[187, 0],
[187, 1],
[188, 2],
[189, 3],
[190, 4],
[189, 5],
[188, 6],
[189, 7],
[190, 8],
[191, 9],
[193, 11],
[194, 12],
[195, 13],
[196, 14],
[197, 15],
[198, 16],
[199, 17],
[200, 18],
[201, 19],
[202, 20],
[203, 21],
[204, 22],
[205, 21],
[206, 20],
[207, 19],
[208, 18],
[208, 17],
[207, 16],
[206, 15],
[205, 14],
[204, 13],
[203, 13],
[202, 14],
[201, 15],
[200, 16],
[198, 18],
[197, 19],
[197, 20],
[198, 21],
[199, 22],
[200, 23],
[201, 24],
[202, 25],
[201, 26],
[200, 27],
[199, 28],
[200, 28],
[201, 29],
[202, 30],
[203, 31],
[204, 32],
[205, 33],
[206, 34],
[207, 35],
[208, 36],
[209, 37],
[210, 38],
[211, 39],
[212, 40],
[213, 41],
[213, 42],
[213, 43],
[212, 44],
[211, 45],
[210, 46],
[209, 47],
[208, 48],
[207, 49],
[206, 48],
[205, 47],
[204, 46],
[203, 45],
[204, 44],
[205, 43],
[206, 42],
[207, 41],
[208, 40],
[209, 39],
[211, 37],
[212, 36],
[213, 35],
[214, 34],
[215, 33],
[216, 32],
[217, 31],
[218, 30],
[219, 29],
[220, 28],
[220, 27],
[220, 26],
[220, 25],
[219, 24],
[218, 23],
[217, 22],
[216, 21],
[215, 20],
[214, 19],
[213, 18],
[212, 17],
[211, 16],
[210, 15],
[209, 14],
[208, 13],
[207, 12],
[206, 11],
[205, 10],
[204, 10],
[203, 10],
[202, 10],
[201, 10],
[200, 10],
[199, 11],
[198, 12],
[197, 13],
[195, 15],
[194, 16],
[193, 17],
[192, 18],
[199, 10],
[200, 11],
[201, 12],
[202, 13],
[203, 14],
[202, 15],
[201, 16],
[200, 17],
[200, 19],
[200, 20],
[201, 21],
[202, 22],
[203, 23],
[204, 24],
[205, 24],
[206, 23],
[207, 22],
[208, 21],
[209, 20],
[210, 19],
[211, 18],
[213, 16],
[214, 15],
[209, 19],
[207, 17],
[206, 16],
[205, 15],
[205, 13],
[205, 12],
[205, 11],
[206, 10],
[207, 9],
[208, 8],
[209, 8],
[210, 8],
[210, 7],
[209, 6],
[208, 5],
[207, 4],
[206, 4],
[205, 4],
[204, 4],
[205, 5],
[206, 6],
[207, 7],
[209, 9],
[210, 10],
[211, 11],
[211, 12],
[210, 13],
[209, 12],
[208, 11],
[207, 10],
[206, 9],
[205, 8],
[204, 7],
[203, 6],
[202, 5],
[201, 4],
[200, 3],
[199, 2],
[198, 1],
[197, 0],
[196, -1],
[195, -2],
[194, -3],
[193, -4],
[192, -5],
[191, -5],
[190, -5],
[189, -6],
[188, -7],
[187, -8],
[186, -9],
[185, -10],
[184, -11],
[183, -12],
[182, -13],
[181, -14],
[182, -15],
[183, -16],
[184, -15],
[185, -14],
[186, -13],
[187, -12],
[188, -11],
[189, -10],
[190, -9],
[191, -8],
[192, -7],
[193, -8],
[194, -9],
[195, -9],
[196, -8],
[197, -7],
[198, -6],
[199, -5],
[200, -4],
[201, -5],
[202, -6],
[203, -7],
[204, -8],
[205, -9],
[206, -10],
[207, -11],
[208, -11],
[209, -11],
[210, -11],
[211, -11],
[212, -12],
[213, -13],
[214, -14],
[215, -15],
[216, -16],
[217, -17],
[218, -18],
[219, -19],
[220, -20],
[221, -19],
[222, -18],
[223, -17],
[224, -16],
[225, -15],
[226, -14],
[227, -13],
[228, -12],
[229, -13],
[230, -14],
[231, -15],
[232, -16],
[233, -17],
[234, -18],
[235, -19],
[236, -20],
[237, -21],
[236, -22],
[235, -23],
[234, -24],
[233, -25],
[232, -26],
[231, -27],
[230, -27],
[229, -26],
[228, -25],
[227, -24],
[226, -23],
[225, -22],
[224, -21],
[223, -20],
[222, -19],
[221, -18],
[220, -17],
[219, -16],
[218, -15],
[217, -14],
[216, -13],
[215, -12],
[214, -13],
[213, -14],
[212, -15],
[211, -16],
[210, -17],
[209, -18],
[208, -19],
[207, -20],
[206, -21],
[205, -22],
[204, -23],
[203, -24],
[202, -25],
[201, -26],
[200, -27],
[202, -26],
[203, -25],
[202, -24],
[201, -23],
[200, -22],
[199, -21],
[198, -20],
[197, -19],
[196, -18],
[195, -17],
[194, -16],
[193, -15],
[192, -14],
[191, -13],
[190, -12],
[189, -11],
[188, -10],
[187, -9],
[186, -8],
[187, -7],
[187, -6],
[187, -5],
[187, -4],
[186, -3],
[185, -2],
[184, -1],
[183, 0],
[182, 1],
[181, 2],
[180, 2],
[178, 2],
[176, 0],
[175, -1],
[173, -3],
[172, -4],
[173, -5],
[175, -7],
[176, -8],
[177, -9],
[178, -10],
[179, -11],
[179, -12],
[179, -13],
[179, -14],
[179, -17],
[179, -18],
[179, -19],
[180, -20],
[179, -21],
[178, -22],
[177, -23],
[176, -24],
[175, -25],
[174, -26],
[173, -27],
[172, -28],
[171, -29],
[170, -30],
[169, -31],
[168, -32],
[167, -33],
[166, -34],
[165, -35],
[164, -36],
[163, -37],
[164, -38],
[163, -39],
[162, -40],
[161, -41],
[163, -43],
[164, -44],
[165, -45],
[166, -46],
[167, -47],
[168, -48],
[168, -49],
[168, -50],
[168, -47],
[168, -46],
[168, -45],
[168, -44],
[168, -43],
[168, -42],
[168, -41],
[167, -40],
[165, -38],
[164, -37],
[163, -36],
[162, -35],
[161, -34],
[160, -34],
[159, -35],
[159, -34],
[160, -33],
[161, -32],
[158, -35],
[157, -36],
[156, -37],
[155, -38],
[154, -39],
[154, -40],
[154, -41],
[154, -42],
[155, -43],
[156, -44],
[157, -45],
[157, -46],
[157, -47],
[157, -48],
[157, -49],
[157, -50],
[157, -51],
[157, -52],
[157, -54],
[157, -55],
[157, -56],
[157, -57],
[156, -56],
[155, -55],
[154, -54],
[153, -53],
[152, -52],
[151, -51],
[150, -50],
[149, -49],
[148, -48],
[147, -47],
[147, -46],
[147, -45],
[148, -44],
[149, -43],
[150, -42],
[151, -41],
[152, -40],
[153, -39],
[154, -38],
[155, -37],
[156, -36],
[157, -35],
[156, -34],
[157, -33],
[158, -32],
[159, -31],
[160, -30],
[160, -29],
[161, -28],
[162, -27],
[163, -26],
[159, -30],
[158, -31],
[163, -27],
[164, -28],
[165, -29],
[166, -30],
[167, -31],
[168, -31],
[170, -31],
[171, -32],
[172, -33],
[173, -34],
[174, -35],
[175, -36],
[176, -37],
[176, -38],
[176, -39],
[177, -40],
[178, -41],
[179, -42],
[180, -43],
[181, -44],
[182, -45],
[182, -46],
[182, -47],
[182, -48],
[182, -49],
[182, -50],
[182, -51],
[182, -52],
[183, -53],
[184, -54],
[185, -55],
[186, -56],
[187, -57],
[187, -58],
[186, -59],
[185, -60],
[184, -61],
[183, -62],
[182, -63],
[181, -64],
[180, -65],
[179, -66],
[178, -66],
[177, -65],
[176, -64],
[175, -63],
[174, -62],
[173, -61],
[172, -60],
[170, -58],
[169, -57],
[168, -56],
[167, -55],
[168, -54],
[167, -53],
[167, -52],
[167, -50],
[167, -49],
[167, -48],
[167, -46],
[167, -45],
[167, -44],
[167, -43],
[166, -42],
[165, -43],
[165, -44],
[164, -45],
[163, -46],
[162, -47],
[161, -48],
[160, -49],
[159, -50],
[159, -56],
[157, -58],
[157, -59],
[157, -61],
[157, -62],
[157, -63],
[156, -64],
[155, -65],
[154, -66],
[153, -67],
[152, -68],
[152, -69],
[152, -70],
[152, -71],
[152, -73],
[152, -74],
[152, -75],
[152, -77],
[151, -78],
[150, -79],
[149, -80],
[148, -81],
[147, -82],
[146, -83],
[145, -84],
[144, -85],
[143, -85],
[142, -85],
[141, -86],
[140, -87],
[139, -88],
[138, -89],
[137, -90],
[136, -91],
[135, -92],
[134, -93],
[135, -94],
[136, -95],
[137, -96],
[138, -97],
[139, -97],
[140, -96],
[141, -95],
[142, -96],
[143, -97],
[142, -98],
[143, -99],
[144, -100],
[146, -102],
[145, -103],
[144, -103],
[143, -103],
[142, -102],
[140, -100],
[139, -99],
[148, -101],
[150, -98],
[149, -97],
[148, -96],
[147, -95],
[146, -94],
[145, -94],
[144, -95],
[143, -96],
[142, -97],
[141, -98],
[140, -99],
[139, -100],
[137, -102],
[137, -103],
[136, -104],
[134, -106],
[133, -107],
[132, -108],
[131, -109],
[130, -110],
[129, -111],
[129, -110],
[129, -109],
[132, -106],
[133, -106],
[138, -102],
[141, -99],
[143, -98],
[144, -98],
[145, -98],
[146, -98],
[147, -98],
[148, -98],
[149, -98],
[151, -98],
[151, -97],
[150, -96],
[149, -95],
[148, -94],
[147, -93],
[146, -92],
[145, -91],
[144, -90],
[143, -90],
[142, -90],
[141, -90],
[140, -90],
[139, -90],
[137, -88],
[136, -87],
[135, -86],
[134, -85],
[133, -85],
[132, -85],
[131, -84],
[130, -83],
[131, -82],
[132, -81],
[133, -80],
[133, -79],
[132, -78],
[133, -77],
[134, -76],
[135, -75],
[136, -74],
[137, -73],
[138, -72],
[139, -73],
[140, -74],
[141, -75],
[142, -75],
[143, -75],
[144, -75],
[145, -75],
[146, -75],
[147, -75],
[148, -75],
[149, -75],
[150, -76],
[151, -77],
[152, -78],
[154, -76],
[155, -75],
[156, -74],
[157, -73],
[158, -72],
[159, -71],
[160, -70],
[161, -70],
[162, -70],
[163, -69],
[164, -68],
[165, -67],
[166, -66],
[167, -65],
[168, -64],
[170, -62],
[171, -61],
[166, -54],
[165, -53],
[164, -52],
[163, -51],
[162, -50],
[161, -49],
[160, -48],
[159, -47],
[158, -46],
[157, -44],
[157, -43],
[157, -42],
[156, -43],
[155, -44],
[154, -45],
[153, -46],
[153, -47],
[153, -48],
[153, -49],
[153, -51],
[153, -52],
[153, -54],
[153, -55],
[153, -56],
[153, -57]]